# Original data points
1960.000000 88296070.000000
1961.000000 90791249.000000
1962.000000 93375850.000000
1963.000000 96051424.000000
1964.000000 98833749.000000
1965.000000 101365130.000000
1966.000000 103792754.000000
1967.000000 106526393.000000
1968.000000 109450006.000000
1969.000000 112517639.000000
1970.000000 115657495.000000
1971.000000 118833702.000000
1972.000000 122039841.000000
1973.000000 125288515.000000
1974.000000 128555045.000000
1975.000000 131843848.000000
1976.000000 135173655.000000
1977.000000 138533541.000000
1978.000000 141953163.000000
1979.000000 145434834.000000
1980.000000 148950540.000000
1981.000000 152485035.000000
1982.000000 156052152.000000
1983.000000 159651381.000000
1984.000000 163251124.000000
1985.000000 166776185.000000
1986.000000 170175065.000000
1987.000000 173511154.000000
1988.000000 176855065.000000
1989.000000 180201630.000000
1990.000000 183501098.000000
1991.000000 186778238.000000
1992.000000 190043744.000000
1993.000000 193305168.000000
1994.000000 196591828.000000
1995.000000 199888057.000000
1996.000000 203204348.000000
1997.000000 206536095.000000
1998.000000 209826788.000000
1999.000000 213004668.000000
2000.000000 216077790.000000
2001.000000 219097902.000000
2002.000000 222088495.000000
2003.000000 225048008.000000
2004.000000 227926649.000000
2007.000000 237062337.000000
2008.000000 240157903.000000
2009.000000 243220028.000000
2010.000000 246305322.000000
2011.000000 249470032.000000
2012.000000 252698525.000000
2013.000000 255852467.000000
2014.000000 258877399.000000
2017.000000 267346658.000000
2018.000000 269951846.000000
2019.000000 272489381.000000
2020.000000 274814866.000000
2021.000000 276758053.000000
2022.000000 278830529.000000
2023.000000 281190067.000000


# Regression curve
1960 87172094.457997
1961 89913164.923543
1962 92701774.802610
1963 95536125.225067
1964 98414417.320779
1965 101334852.219615
1966 104295631.051441
1967 107294954.946125
1968 110331025.033534
1969 113402042.443535
1970 116506208.305996
1971 119641723.750783
1972 122806789.907765
1973 125999607.906808
1974 129218378.877779
1975 132461303.950546
1976 135726584.254976
1977 139012420.920936
1978 142317015.078293
1979 145638567.856915
1980 148975280.386670
1981 152325353.797423
1982 155686989.219043
1983 159058387.781396
1984 162437750.614351
1985 165823278.847773
1986 169213173.611531
1987 172605636.035491
1988 175998867.249522
1989 179391068.383489
1990 182780440.567261
1991 186165184.930705
1992 189543502.603687
1993 192913594.716075
1994 196273662.397737
1995 199621906.778540
1996 202956528.988350
1997 206275730.157035
1998 209577711.414463
1999 212860673.890500
2000 216122818.715014
2001 219362347.017872
2002 222577459.928941
2003 225766358.578089
2004 228927244.095182
2005 232058317.610089
2006 235157780.252676
2007 238223833.152810
2008 241254677.440359
2009 244248514.245190
2010 247203544.697171
2011 250117969.926167
2012 252989991.062048
2013 255817809.234679
2014 258599625.573929
2015 261333641.209664
2016 264018057.271752
2017 266651074.890059
2018 269230895.194454
2019 271755719.314804
2020 274223748.380975
2021 276633183.522834
2022 278982225.870250
2023 281269076.553090
2024 283491936.701220
2025 285649007.444508
2026 287738489.912821
2027 289758585.236026
2028 291707494.543991
2029 293583418.966583
2030 295384559.633669
2031 297109117.675116
2032 298755294.220792
2033 300321290.400564
2034 301805307.344299
2035 303205546.181864
